## Latitude Longitude Altitude Height Radius
35.631985 139.692940 64.058139 8.503997 4.888414
35.632457 139.693751 63.989335 9.118970 5.627866
35.632350 139.693693 62.963446 2.311396 2.338801
35.632356 139.693687 67.092282 4.326705 5.045939
35.632309 139.693598 64.354911 6.156470 5.377513
35.632272 139.693376 63.323632 7.931618 5.571440
35.632014 139.693028 64.957229 6.443160 4.483879
35.632511 139.693869 63.012174 9.605038 4.573198
35.632116 139.693196 64.839161 8.343445 5.416873
35.632490 139.693795 63.977837 2.182234 2.889519
35.632977 139.694981 62.792562 4.843291 4.273074
35.633005 139.694898 61.972092 1.910766 2.698715
35.632856 139.694719 62.666871 6.798575 5.084663
35.632932 139.694740 61.935628 2.997704 4.702044
35.632962 139.694730 63.591827 5.038715 4.507052
35.632784 139.694581 63.149867 3.313156 5.797862
35.632656 139.694311 63.076336 7.637997 4.999834
35.632715 139.694297 62.683549 7.947218 5.969461
35.632626 139.694257 62.761961 4.920585 3.602641
35.632571 139.694140 62.725368 7.678125 4.909658
35.632616 139.694092 62.691431 7.913720 5.329522
35.632457 139.693957 63.761596 2.546043 1.782570
35.632456 139.693904 63.884211 8.251814 4.587680
35.631997 139.693005 65.614973 1.982699 1.988500
35.632979 139.694872 70.732167 4.220902 3.230549
35.632367 139.693549 63.387386 2.787017 6.322708
35.632390 139.693585 63.946995 2.428003 1.729110
35.632215 139.693462 64.981285 3.279124 2.545678
35.632165 139.693304 65.927012 8.296472 5.466562
35.632460 139.693772 63.009194 1.570219 3.590879
35.632541 139.693898 63.776871 2.359339 2.944024
35.631695 139.692222 67.693222 3.030403 5.074795
35.631600 139.692201 66.434508 3.299729 1.873674
35.631576 139.692157 66.700723 2.725540 2.533386
35.631562 139.692121 66.209745 1.440610 4.244465
35.631696 139.692209 64.863844 3.413520 2.314245
35.631672 139.692158 64.243714 2.698818 2.974968
35.631808 139.692576 66.358709 5.341626 2.762975
35.632160 139.693297 63.809782 3.715975 1.548221
35.632225 139.693233 64.952743 3.287758 6.222260
35.632182 139.693143 63.734666 4.737042 4.727700
35.632111 139.693058 62.947146 11.155232 5.518929
35.632057 139.692949 65.217707 7.687294 4.641746
35.632011 139.692837 64.433924 4.753235 5.129510
35.631860 139.692756 65.262087 1.549554 1.777094
35.631726 139.692268 67.259824 6.865233 5.016635
35.631681 139.692317 67.844197 6.404980 5.023485
35.631754 139.692323 65.753818 4.266794 4.170628
35.631414 139.691823 65.669826 2.927497 2.064131
35.631302 139.691549 64.504957 2.771796 5.695486
35.631739 139.692499 64.900178 1.937307 2.460989
35.631781 139.692381 63.656120 2.465150 3.743946
35.631681 139.692318 65.957250 3.117522 2.172435
35.631485 139.691966 65.910006 2.717231 2.702618
35.631728 139.692277 63.689805 2.209718 3.884242
35.631711 139.692239 63.592228 3.380396 4.073219
35.631292 139.691385 64.124134 2.515901 6.130629
35.631860 139.692786 65.418297 1.669003 3.186519
35.631655 139.692121 65.716899 2.328587 3.102999
35.631647 139.692125 68.033397 4.312181 4.998557
35.631552 139.692095 66.804700 2.942892 2.782518
35.631615 139.692043 63.805960 2.563953 5.996199
35.631508 139.691827 63.642170 3.427536 3.846941
35.631492 139.691797 66.230471 3.400452 2.782062
35.631498 139.691792 66.964411 5.555885 3.149070
35.631423 139.691787 66.338678 6.442000 3.794060
35.631403 139.691611 63.478729 3.595373 5.982782
35.631303 139.691554 65.898408 3.882994 2.425169
35.631305 139.691545 67.853793 4.934429 4.736337
35.631424 139.691652 67.811031 4.143839 3.564399
35.631200 139.691365 67.687133 2.593162 2.450800
35.631427 139.691651 66.319364 2.208513 2.963353
35.631346 139.691493 64.372673 3.961051 5.440246
35.631350 139.691501 66.618482 6.974953 4.486599
35.631253 139.691449 64.422340 3.002337 4.815867
35.631279 139.691367 66.174924 7.100425 5.059491
35.631177 139.691162 68.240912 7.406548 4.753662
35.631185 139.691117 64.384481 4.574534 6.626201
35.631888 139.692602 63.570623 2.622169 4.067611
35.631910 139.692548 64.083976 2.934000 1.690781
35.631918 139.692614 65.132122 5.270931 6.662955
35.631860 139.692548 63.192586 2.557066 4.811333
35.631867 139.692554 65.376982 5.681974 2.588953
35.631861 139.692554 69.483521 4.814075 4.399790
35.631849 139.692424 65.274084 2.446247 2.888094
35.631832 139.692493 66.496854 6.994414 4.457676
35.631913 139.692653 63.744869 1.299610 3.392638
35.631946 139.692676 66.278010 1.323346 2.994731
35.631997 139.692607 65.395363 2.530007 5.706834
35.631820 139.692371 65.611654 3.713988 2.861318
35.631793 139.692313 65.749653 1.456716 3.286888
35.631773 139.692259 64.438605 8.947987 5.355016
35.631741 139.692199 65.106122 2.758734 2.993221
35.631687 139.692144 65.056725 3.019594 5.919460
35.631718 139.692169 64.944427 2.393324 2.631963
35.631670 139.692059 64.561853 2.429980 3.334815
35.631635 139.691979 66.123689 1.869632 4.473203
35.632925 139.694740 63.635617 8.507554 4.836131
35.632892 139.694809 62.532383 8.235190 4.937665
35.632812 139.694623 64.138489 6.056826 5.473176
35.632705 139.694420 64.141871 8.554828 5.735802
35.632777 139.694421 63.345106 8.255916 5.182719
35.632410 139.693669 64.233109 8.600391 4.993372
35.633079 139.695028 63.749739 7.954027 4.236450
35.633042 139.694974 62.613996 6.391355 3.418083
35.632618 139.694091 69.165092 4.341507 3.082839
35.632415 139.693812 63.906166 9.171387 5.020849
35.632228 139.693292 63.404343 9.093370 6.115339
35.631810 139.692577 70.566198 3.494074 6.154348
35.631969 139.692674 65.913022 7.484365 5.282589
35.631905 139.692633 68.779499 5.291088 5.136922
35.631879 139.692590 67.782950 7.754928 2.852510
