## Latitude Longitude Altitude Height Radius
35.638104 139.697429 65.864735 6.547224 5.025672
35.638213 139.697408 64.546341 8.561439 3.968465
35.639553 139.698295 61.703535 3.147800 2.341299
35.639855 139.698390 61.546852 6.506566 5.565775
35.638448 139.697765 64.134257 7.563135 4.169276
35.638307 139.697659 68.642552 4.159576 2.411668
35.638199 139.697550 64.580412 7.608804 5.241055
35.638061 139.697367 66.520096 3.860808 2.194038
35.639768 139.698503 62.564273 3.596140 2.207996
35.638333 139.697538 64.121007 5.722905 3.715380
35.638133 139.697308 64.153288 7.529068 3.364369
35.638151 139.697490 64.837485 3.879179 1.959347
35.639892 139.698399 59.069118 3.940831 2.714624
35.637990 139.697282 64.154974 7.704642 3.146339
35.637929 139.697200 64.173506 6.108384 2.983802
35.638007 139.697141 64.606705 7.757645 3.318568
35.637877 139.697126 69.479868 4.084620 1.641797
35.637892 139.696993 65.671746 7.627990 3.658070
35.637686 139.696913 65.248563 3.863818 6.630151
35.637743 139.696970 65.514623 5.996410 6.002365
35.637780 139.696844 64.582945 6.214334 3.075419
35.637649 139.696832 64.889458 7.445176 2.763462
35.637706 139.696748 66.251159 5.757386 3.668518
35.637637 139.696660 64.749468 3.891866 4.244131
35.637836 139.696923 63.944789 8.406838 3.044895
35.637781 139.696845 70.481725 3.368177 2.624473
35.637646 139.696819 69.350273 4.227794 5.674937
35.639446 139.698249 61.089134 6.940452 3.851845
35.636568 139.694958 68.517446 3.544732 5.506594
35.639950 139.698385 64.546368 7.882637 6.342187
35.639919 139.698416 60.777697 11.048673 8.380233
35.638102 139.697421 63.530301 3.581324 2.031371
35.637957 139.697073 65.017072 7.207666 4.442863
35.637833 139.697068 65.512807 6.237923 3.601872
35.638058 139.697216 65.506589 5.869806 3.222049
35.639736 139.698402 60.248617 7.922015 4.191007
35.639670 139.698354 60.720532 5.619143 5.542044
35.639846 139.698366 58.525539 3.897178 1.408593
35.639316 139.698177 63.151638 6.455630 4.960210
35.637275 139.696402 65.000802 2.075060 2.531650
35.637217 139.696391 66.361927 5.420859 5.087385
35.637234 139.696337 66.324621 3.533530 2.291506
35.637237 139.696335 67.153133 6.096137 2.561081
35.637421 139.696421 65.019123 8.326433 3.952835
35.636852 139.695800 66.982607 4.524459 3.077526
35.638365 139.697711 63.039623 7.861504 4.588751
35.638586 139.697836 63.212415 8.702153 4.529578
35.639604 139.698322 60.730470 5.590375 5.528579
35.639800 139.698331 59.080910 3.939274 2.167464
35.639510 139.698138 59.518550 7.720650 6.643502
35.639531 139.698179 60.994164 5.811371 2.551156
35.640013 139.698595 58.007712 7.490543 3.551146
35.639962 139.698557 58.193373 3.825929 2.261848
35.640057 139.698431 58.898401 5.040097 7.941543
35.639904 139.698518 59.943916 3.584101 2.136356
35.639850 139.698478 58.374593 5.244186 1.986524
35.639704 139.698268 59.984379 7.116178 2.843870
35.639778 139.698337 62.685555 9.676846 7.191869
35.639135 139.697983 62.248848 7.891364 5.108371
35.638788 139.697929 62.879812 6.923814 3.297367
35.639379 139.698218 60.721254 6.881521 3.711731
35.639320 139.698189 62.263262 2.857322 2.706423
35.639288 139.698055 62.371790 6.275705 6.064637
35.639255 139.698032 60.681022 5.767823 3.133173
35.639193 139.698010 61.993002 8.020470 4.153180
35.639433 139.698128 61.220115 6.623028 4.655796
35.639388 139.698074 61.146966 3.232925 4.120543
35.639003 139.697915 62.692811 7.228768 5.208352
35.638721 139.697895 63.743189 5.209398 2.958230
35.638953 139.697896 63.843992 4.538139 2.456925
35.637507 139.696683 67.688576 10.847612 7.238729
35.637519 139.696682 64.933637 8.444212 4.240181
35.637284 139.696404 66.684455 5.878490 2.692170
35.637422 139.696419 69.992179 4.204792 6.364408
35.637449 139.696599 67.495764 5.078321 6.133224
35.637353 139.696493 66.689668 7.149857 5.701958
35.637425 139.696653 67.366199 6.629262 6.164799
35.637365 139.696347 65.439031 7.645836 3.415120
35.637280 139.696226 65.585795 4.653456 3.100165
35.637440 139.696593 65.393905 4.101190 1.920221
35.637136 139.696202 66.224077 5.696872 3.377141
35.637228 139.696160 66.158597 6.928754 3.049887
35.637076 139.696119 66.603866 2.803474 3.318868
35.637175 139.696085 66.557646 4.388746 2.592341
35.637319 139.696286 65.683030 7.900131 4.178447
35.637191 139.696268 65.634532 7.154656 3.489904
35.637280 139.696231 68.817840 5.097836 2.296401
35.637228 139.696156 69.568283 4.904215 3.695597
35.637079 139.696111 66.783650 8.502475 5.041198
35.637063 139.695925 66.821912 6.344267 4.330338
35.637022 139.695873 66.402498 7.607405 4.036188
35.636916 139.695896 66.515843 4.745265 2.482505
35.636746 139.695388 67.482888 3.675499 2.343344
35.637041 139.696057 66.265517 7.712987 4.721460
35.637055 139.695925 64.159340 3.015794 2.238101
35.636972 139.695973 66.613173 6.006279 3.514276
35.636783 139.695447 65.557003 5.295101 7.259350
35.636661 139.695433 69.838635 2.748893 3.564292
35.636793 139.695707 67.021450 2.308445 3.147427
35.636806 139.695709 70.009275 2.980572 2.525640
35.636762 139.695639 67.425218 2.377311 2.540561
35.636755 139.695619 68.689619 3.533828 3.069897
35.636625 139.695351 65.536340 3.967690 2.334496
35.636660 139.695429 67.007437 3.068785 2.563127
35.636831 139.695560 66.333828 9.503946 4.922533
35.636752 139.695387 69.783157 4.139478 5.192676
35.636627 139.695345 70.008897 4.966811 4.833769
35.636644 139.695180 67.179378 4.975894 2.662067
35.636618 139.695045 67.587247 2.936403 5.330996
35.636664 139.695161 67.362217 6.110376 6.982641
35.636398 139.694870 67.717091 2.242679 2.569700
35.636506 139.694865 66.808311 4.009342 5.097270
35.636610 139.695099 67.790806 4.504472 3.181260
35.636437 139.694963 67.150027 2.515082 2.995074
35.636557 139.694915 66.872594 2.487350 3.734335
35.636467 139.694796 68.383740 3.177420 2.260974
35.636467 139.694779 67.100307 1.616522 2.500138
35.636548 139.694973 67.628677 3.780173 1.439095
35.636689 139.695262 67.181137 6.541838 5.170405
35.636409 139.694671 65.047451 2.814386 4.014970
35.636343 139.694741 67.569706 7.018196 3.151240
35.636349 139.694531 66.317664 4.201000 1.999719
35.636348 139.694527 67.440365 6.471269 3.047359
35.636412 139.694668 69.020279 5.087941 3.473027
35.636225 139.694498 68.098001 2.622790 2.849666
35.636220 139.694478 67.560428 3.271768 2.575552
35.636228 139.694502 69.909813 3.607643 2.529143
35.636306 139.694433 69.183127 3.835517 3.609323
35.636308 139.694441 66.868850 4.156973 2.293644
35.636131 139.694296 66.324246 3.028490 2.133615
35.636111 139.694258 69.480583 3.224484 4.733082
35.636260 139.694234 68.518931 4.198158 4.030476
